RainIntensity: 0.01086957
RumbleIntensity: 0
Clouds: 0.4456522
BkgDroneVolume: 0.2869565
Palette: 42
EffectColorA: 10
EffectColorB: 3
Effects: Fog-0.2391304-20-20, FastFloodPullDown-0.2-27-75, FastFloodDrain-0.1-28-131, DayNight-0.9-295-23, 
PlacedObjects: DayNightSettings><176.4914><219.9498><5~8.660254~6~10, CustomDecal><428.8882><525.3555><20~49~64~39~46~-8~-541~-286~0~1~0~ScavMark Ghost~1~0~1~0~1~0.3586957~1~0.4021739, 
FadePalette: 15, 0.5652174
