Template: CC_SettingsTemplate_Gutter
DangerType: Thunder
RumbleIntensity: 0
WaveSpeed: 0.5
WaveLength: 0.75
WaveAmplitude: 0.06233386
SecondWaveLength: 0.1666667
SecondWaveAmplitude: 0
Clouds: 0.8695652
Grime: 0.3586957
Palette: 4
Effects: DayNight-0.9565217-268-73, 
PlacedObjects: DayNightSettings><176.4914><219.9498><5~8.660254~21~10, BrokenShelterWaterLevel><477.8003><204.261><, 
FadePalette: 21, 0.8804348
