DangerType: Rain
RainIntensity: 0.0326087
RumbleIntensity: 0
WaveSpeed: 0.5
WaveLength: 0.75
WaveAmplitude: 0.04166141
SecondWaveLength: 0.1666667
SecondWaveAmplitude: 0
Effects: DayNight-0.07608695-20-20, 
PlacedObjects: CustomDecal><277.4238><-59.09891><2~466~146~384~116~-24~-445~353~0~1~1~Rust3~0.7717391~1~0.7717391~1~0.7717391~1~0.7717391~1, CustomDecal><489.8118><-15.56781><-4~359~133~385~159~-48~-701~292~0~1~1~Rust1~0.7282609~1~0.7282609~1~0.7282609~1~0.7282609~1, CustomDecal><77.83374><360.8612><-18~210~626~127~478~-80~747~-486~0.5978261~1~0.9347826~WhiteJunk2~0.4565217~0.6956522~0.4565217~0.6956522~0.4565217~0.6956522~0.4565217~0.6956522, CustomDecal><424.3511><367.5775><-90~161~429~268~407~-58~-572~-46~0.5978261~1~1~BoneType~0.3804348~0.9782609~0.3804348~0.9782609~0.3804348~0.9782609~0.3804348~0.9782609, DangleFruit><755.0757><494.5649><0~0~2~3, DangleFruit><295.0968><454.925><0~0~2~3, DangleFruit><318.83><408.6447><0~0~2~3, DevToken><450.3483><336.9241><0~-99~38~-251~0~~~0~0~0~1, DayNightSettings><198.1967><288.2864><5~8.660254~10~3, 
FadePalette: 20, 0.2391304
