DangerType: Rain
RainIntensity: 0.01086957
RumbleIntensity: 0
WaveSpeed: 0.5
WaveLength: 0.75
WaveAmplitude: 0.04738326
SecondWaveLength: 0.1666667
SecondWaveAmplitude: 0
Effects: FastFloodDrain-0.5869565-20-20, DayNight-0.05434782-21-74, 
PlacedObjects: DayNightSettings><235.6224><325.904><5~8.660254~10~3, 
FadePalette: 8, 0.2717391
