DangerType: Rain
RainIntensity: 0.01086957
RumbleIntensity: 0
WaveSpeed: 0.5
WaveLength: 0.75
WaveAmplitude: 0.04324574
SecondWaveLength: 0.1666667
SecondWaveAmplitude: 0
Effects: DayNight-0.07608695-20-20, 
PlacedObjects: DayNightSettings><176.8428><1062.377><5~8.660254~10~3, 
FadePalette: 8, 0.3478261, 0.3478261
