DangerType: Rain
RainIntensity: 0.01086957
RumbleIntensity: 0
WaveSpeed: 0.5
WaveLength: 0.75
WaveAmplitude: 0.04249527
SecondWaveLength: 0.1666667
SecondWaveAmplitude: 0
Clouds: 0.1956522
Grime: 0.4021739
RandomItemDensity: 0.3804348
Effects: Darkness-0.09782609-20-20, DayNight-0.05434782-25-69, 
PlacedObjects: CustomDecal><499.979><1025.199><1~478~522~321~507~-220~371~-544~0~1~0~Rust3~0.5217391~1~0.5217391~1~0.5217391~1~0.5217391~1, CustomDecal><100.6139><711.6033><-85~675~173~641~104~-21~-268~271~0~1~0~RustB2~0.5869565~1~0.5869565~1~0.5869565~1~0.5869565~1, CustomDecal><233.5502><869.0079><-1~352~784~136~802~-63~-430~90~0.1304348~0.9782609~0~DirtyWaterLine~0.6521739~0.9456522~0.6521739~0.9456522~0.6521739~0.9456522~0.6521739~0.9456522, CustomDecal><94.93622><111.0605><-51~374~1023~423~931~-149~74~-360~0~1~1~DirtyWaterLine~0.5869565~1~0.5869565~1~0.5869565~1~0.5869565~1, CustomDecal><154.7965><97.69452><-48~317~306~234~293~-19~281~-358~0.4565217~1~0.9021739~Rust3~0.6739131~0.9891304~0.6739131~0.9891304~0.6739131~0.9891304~0.6739131~0.9891304, DayNightSettings><332.6665><1102.639><5~8.660254~10~3, 
FadePalette: 8, 0.3695652, 0.3913043
