DangerType: Rain
RainIntensity: 0.01086957
RumbleIntensity: 0
WaveSpeed: 0.5
WaveLength: 0.75
WaveAmplitude: 0.04601168
SecondWaveLength: 0.1666667
SecondWaveAmplitude: 0
Grime: 0.1195652
Effects: DayNight-0.05434782-20-20, 
PlacedObjects: DayNightSettings><389.4528><1151.945><5~8.660254~10~3, 
FadePalette: 20, 0.2065217, 0.5217391
