Template: VS_SettingsTemplate_Sewer
DangerType: Rain
RainIntensity: 0
RumbleIntensity: 0
Clouds: 0.8260869
Grime: 0
EffectColorA: 10
EffectColorB: 2
Effects: Fog-0.09782609-20-20, FastFloodDrain-0.3043478-22-79, DayNight-0.06521739-290-25, 
PlacedObjects: LillyPuck><1383.017><231.9493><0~0~2~3, LillyPuck><1693.151><230.6188><0~0~2~3, DayNightSettings><1205.438><398.8186><5~8.660254~10~35, 
FadePalette: 10, 0.5326087, 0.5217391
