DangerType: Thunder
CeilingDrips: 0
RainIntensity: 1
RumbleIntensity: 0.6086956
Clouds: 0.8586956
Grime: 0.173913
BkgDroneVolume: 0.2608696
Palette: 42
EffectColorA: 10
EffectColorB: 2
Effects: DayNight-0.1086956-20-20, HeatWave-0.2173913-25-73, Dustpuffs-0-26-123, Fog-0.6195652-277-30, DustWave-0.8043478-299-87, FairyParticles-1-301-152, 
PlacedObjects: CustomDecal><87.20779><1688.554><-15~406~918~401~881~-20~-227~163~0.1630435~1~0~UNQ - Triple Landscape~0.5326087~0~0.4891304~0~0.5652174~0.2391304~0~0.4673913, CustomDecal><574.2271><1807.699><-12~119~-350~43~-313~-71~-180~-404~0.1847826~1~0~WhiteJunkArrows~1~0~1~0~0~0.3478261~0.6413044~0.5760869, CustomDecal><-6.975647><1219.052><-36~1686~991~1691~879~13~158~849~0~1~0~RustB3~0~1~0.5~1~0~1~1~1, CustomDecal><396.9313><478.8345><-14~261~303~255~270~-8~-393~-117~0.1956522~1~0~OrangePink~0.5760869~0.08695652~0.6413044~0.1630435~0.3152174~0.8260869~0.09782609~0.6521739, CustomDecal><452.8191><500.3352><0~177~209~174~209~0~7~-348~0.1956522~1~0~WhiteFs~0.4021739~0~0.8043478~0~0.5~0.4891304~0.5~0.3695652, KarmaFlower><919.8308><1859.317><0~0~5~7, DayNightSettings><305.9056><1964.626><-28~39.66025~10~42, FairyParticleSettings><547.4537><2037.305><5~8.660254~0~1~1~0~1~2.912481~16.52195~54.99997~40~100~5~30~273.9131~266.0869~0~0.1999999~0.1521739~0.2282609~0.05434782~0.1413043~1~0.1195652~7.790894~Pixel~SIN_IO~SIN_IO~0~0~0, 
AmbientSounds: SPOT><AM_IND-Utility02.ogg><860.3003><467.7395><0.3804348><1><544.3003><433.7395><-160.3553><11.64465><0><0.4695654, SPOT><SO_IND-Fridge.ogg><858.5458><229.3053><0.2065217><0.7456522><-32.45416><1935.305><-105.3553><-30.35535><0><0.3717393, OMNI><AM_ENV-LightWind.ogg><353.6924><470.0585><0.6956522><1, 
FadePalette: 8, 0.4021739, 0.6195652, 0.7282609
