CeilingDrips: 0.5
RainIntensity: 0.02173913
RumbleIntensity: 0
BkgDroneVolume: 0.2769565
EffectColorB: 8
Effects: DayNight-0.9-21-74, 
PlacedObjects: FirecrackerPlant><274.4919><1188.05><-317~230~2~3, FirecrackerPlant><292.4433><1189.308><-333~144~2~3, DataPearl><591.9456><623.5419><22~-157~0~0~Misc~1, CustomDecal><371.9081><220.8224><-20~350~283~340~245~-13~-489~107~0.3152174~0.5~0.1847826~GodOfEyes~0.8043478~0.173913~0.7391304~0.423913~0.2826087~0.2173913~0.5760869~0.4456522, CustomDecal><273.5507><276.7334><-56~131~395~47~381~-117~-138~180~0.1521739~0.293478~0~Radio~0.09782609~0.4891304~0.7173913~0.4891304~1~0.4891304~0.630435~0.4891304, LightSource><182.1694><1240.683><0.09782609~EffectColor2~139~95~50~86.60254~0~1~None~0~1, DayNightSettings><567.6997><1359.511><5~8.660254~4~10, Vine><405.45><471.2473><175~71, Vine><426.4356><710.5195><155~197, Vine><582.3923><1028.407><-158~143, 
AmbientSounds: OMNI><AM_ENV-LightWind.ogg><881.4282><571.4091><0.369565><0.6478257, 
FadePalette: 4, 0.6086956, 0.7065217
