RumbleIntensity: 0
Clouds: 0.423913
Grime: 0.2391304
Palette: 14
Effects: DayNight-0.07608695-20-20, 
PlacedObjects: BrokenShelterWaterLevel><499.8035><353.2126><, DayNightSettings><276.6814><466.0621><5~8.660254~10~14, 
AmbientSounds: OMNI><AM_ENV-SubTerr.ogg><843.3016><639.9432><0.1521739><1, SPOT><AM_ENV-Outside.ogg><842.8298><523.3551><0.2826087><1><144.8298><548.3551><181.6447><-281.3553><0><0.404348, 
FadePalette: 8, 0.06521739
