DangerType: Flood
WaveSpeed: 0.5
WaveLength: 0.75
WaveAmplitude: 0.03430947
SecondWaveLength: 0.1666667
SecondWaveAmplitude: 0
Palette: 17
Effects: DayNight-0.05434782-20-20, 
PlacedObjects: BrokenShelterWaterLevel><231.8932><200.8309><, DayNightSettings><334.6362><397.1035><5~8.660254~10~21, 
FadePalette: 21, 0.3913043
