Template: OE_SettingsTemplate_Cave
CeilingDrips: 0
Palette: 14
EffectColorA: 15
EffectColorB: 18
Effects: FairyParticles-1-20-20, VoidMelt-0.04347826-30-30, LightRain-0-325-40, 
PlacedObjects: FairyParticleSettings><860.8525><329.0783><5~8.660254~0~7.065217~35.32609~0~1~2.828388~288.2608~396.7391~32.6087~100.0001~0~19.56522~0~23.47826~0.1086956~0.1413043~0.5217391~0.7717391~0.4347826~0.5217391~0.7065217~0.2717391~9.430216~Leaf~SIN_IO~SIN_IO~27.82606~0.1956522~0.6521739, 
FadePalette: 31, 0.6086956
