Template: NONE
RainIntensity: 0.01086957
RumbleIntensity: 0
WaveSpeed: 0.5
WaveLength: 0.75
WaveAmplitude: 0.04709252
SecondWaveLength: 0.1666667
SecondWaveAmplitude: 0
Grime: 0.3152174
PlacedObjects: LightFixture><300.0635><373.8222><RedLight~17.32051~-10~28, LightFixture><1014.329><277.9337><RedLight~17.32051~-10~10, NoSpearStickZone><470.6046><256.3296><178~194, 
FadePalette: 8, 0.9782609
RoomSpecificScriptActive: ON
