Template: SL_SettingsTemplate_Sewer
DangerType: Rain
RainIntensity: 0
RumbleIntensity: 0
WaveSpeed: 0.5
WaveLength: 0.75
WaveAmplitude: 0.05499228
SecondWaveLength: 0.1666667
SecondWaveAmplitude: 0
BkgDroneVolume: 0.2769565
Effects: Fog-0.4891304-20-20, DayNight-0.6521739-30-30, DirtyWater-1-40-40, 
PlacedObjects: CustomDecal><427.8563><376.3306><-43~292~115~322~77~0~-504~-258~0.06521739~1~0~Rust1~0.7608696~1~0.7608696~1~0.3152174~1~0.3804348~1, 
FadePalette: 15, 0.3913043
