RainIntensity: 0.1195652
RumbleIntensity: 0
Clouds: 1
BkgDroneVolume: 0.2769565
Effects: Fog-0.3152174-10-19, DayNight-0.9021739-0-125, 
PlacedObjects: DataPearl><424.1859><2029.074><0~0~0~0~Misc~0, Rainbow><472.053><2184.216><-135~315~-558~-80~0,0,0.4891304,1,0.8260869,0.2043477, DayNightSettings><216.4337><1988.062><5~8.660254~35~10, 
AmbientSounds: OMNI><AM_ENV-LightWind.ogg><852.3806><631.4104><0.3586957><0.6869565, OMNI><AM_WIN-MedWind.ogg><776.9497><248.4891><0.3478261><1, 
FadePalette: 35, 0.5, 0.5, 0.5
