RainIntensity: 0.173913
RumbleIntensity: 0
BkgDroneVolume: 0.2769565
Palette: 15
EffectColorB: 6
Effects: Fog-0.5543478-0-0, DayNight-0.9130435-0-0, 
PlacedObjects: VoidSpawnEgg><515.5501><1596.257><0~0~2~3~0, DataPearl><331.3032><1347.714><-317~90~0~0~Misc~0, DayNightSettings><260.3105><655.3094><5~8.660254~35~10, 
AmbientSounds: OMNI><AM_ENV-LightWind.ogg><746.5655><515.5771><0.3478261><0.9413043, SPOT><AM_WAT-Sea02.ogg><742.4168><307.8604><0.3152174><1><127.4168><561.8604><-217.3553><78.64465><0><0.3826088, SPOT><AM_ENV-NatWind.ogg><792.3282><149.1841><0.3695652><1><436.3282><1428.184><-126.3553><44.64465><0><0.3826088, OMNI><AM_WAT-Sea01.ogg><833.6553><646.626><0.3913043><1, 
FadePalette: 35, 0.5, 0.5
