RainIntensity: 0.1195652
RumbleIntensity: 0
Clouds: 1
BkgDroneVolume: 0.2769565
Effects: DayNight-0.9021739-20-20, 
PlacedObjects: InsectGroup><436.3249><1022.392><-315~138~0~0~WaterGlowworm~0.4239157, InsectGroup><1082.394><1669.169><-102~147~0~0~WaterGlowworm~0.2717391, InsectGroup><950.41><2094.63><-48~102~0~0~RockFlea~0.2826087, DayNightSettings><305.6295><2049.16><5~8.660254~35~10, 
AmbientSounds: SPOT><AM_WAT-Sea03.ogg><755.7907><292.1958><0.3586957><1><957.7907><1994.196><-215.3553><-107.3553><0><0.4804349, SPOT><AM_WAT-Sea01.ogg><84.17938><313.9115><0.326087><0.9608696><398.1794><1957.911><-213.3553><-89.35535><0><0.5130435, 
FadePalette: 35, 0.5, 0.5, 0.5
