RainIntensity: 0.1304348
RumbleIntensity: 0
Clouds: 1
BkgDroneVolume: 0.2769565
Effects: DayNight-0.9130435-20-20, 
PlacedObjects: JellyFish><-116.9269><1104.655><166~171.0502~2~3, JellyFish><681.4478><1111.72><-414~8~2~3, FirecrackerPlant><1802.316><1280.439><-886~-152~2~3, FirecrackerPlant><1835.699><1261.522><-922~-221~2~3, JellyFish><2730.697><1092.286><-786~299~2~3, JellyFish><2492.568><1098.562><-541~210~2~3, InsectGroup><1678.557><1364.808><-116~114~0~0~TinyDragonFly~0.1847826, BlueToken><1811.945><1124.206><50~19~-189~114~1~JetFish~Artificer|Saint|Spear|Gourmand~0~0~0~0, DeadTokenStalk><1781.782><1126.553><-45~25, DayNightSettings><1276.105><1167.921><5~8.660254~35~10, 
AmbientSounds: SPOT><AM_WAT-Sea02.ogg><50.48547><389.6995><0.4130435><1><1794.485><1108.699><-276.3553><-189.3553><0><0.2739132, SPOT><Mech Basic.wav><51.17902><503.8394><0.2391304><0.823913><63.17902><923.8394><-78.35535><-47.35535><0><0.3391306, SPOT><AM_WAT-Sea01.ogg><70.17401><267.6515><0.3804348><1><984.6693><1148.871><-117.3553><-189.3553><0><0.2521739, SPOT><AM_WAT-Sea03.ogg><61.37836><150.3466><0.4130435><1><2182.378><1126.347><-53.35535><-220.3553><0><0.2521739, OMNI><AM_ENV-Outside.ogg><473.6324><639.5882><0.4673913><1, 
FadePalette: 35, 0.5, 0.5, 0.5, 0.5, 0.5, 0.5
