DangerType: Rain
RainIntensity: 0
RumbleIntensity: 0
Palette: 4
EffectColorA: 3
EffectColorB: 13
Effects: DayNight-0.09782609-26-70, 
PlacedObjects: WaterNut><703.7762><298.3017><0~0~2~3, WaterNut><634.358><304.8591><0~0~2~3, WaterNut><608.8586><316.332><0~0~2~3, WaterNut><727.9042><303.0744><0~0~2~3, KarmaFlower><453.3511><351.6336><0~0~5~7, DayNightSettings><217.4448><269.0455><5~8.660254~10~11, LightSource><260.996><368.3><0.04347826~EffectColor2~63~140~50~86.60254~0~1~None~0~1, 
FadePalette: 8, 0.06521739
