Template: NONE
RainIntensity: 0
RumbleIntensity: 0
WaveSpeed: 0.4963548
WaveLength: 0.8988839
WaveAmplitude: 0.03659204
SecondWaveLength: 0.1666667
SecondWaveAmplitude: 0
Palette: 4
Effects: DayNight-0.1086956-20-20, 
PlacedObjects: CustomDecal><-50.46484><175.6969><-41~237~1161~248~1183~11~0~0~0.05434782~1~0~DirtyWaterLine~0.8043478~1~0.5434783~1~0.2608696~1~0.2391304~1, DayNightSettings><222.6262><269.9052><5~8.660254~10~11, 
FadePalette: 8, 0.1630435
