Template: NONE
RainIntensity: 0
RumbleIntensity: 0
WaveSpeed: 0.5000569
WaveLength: 0.9999715
WaveAmplitude: 7.716454E-10
SecondWaveLength: 0.1666667
SecondWaveAmplitude: 0
Palette: 10
Effects: RockFlea-0.5652174-20-20, DayNight-0.04347826-25-79, 
PlacedObjects: InsectGroup><187.8901><250.3329><51~100~0~0~RockFlea~0.9456522, DayNightSettings><235.5887><503.9293><5~8.660254~10~11, 
FadePalette: 11, 0.06521739, 0.07608695, 0.07608695, 0.08695652
