Template: HI_SettingsTemplate_Inside
DangerType: Thunder
RainIntensity: 1
RumbleIntensity: 0
WaveSpeed: 0.5
WaveLength: 0.75
WaveAmplitude: 0.04641051
SecondWaveLength: 0.1666667
SecondWaveAmplitude: 0
Effects: DayNight-0.05869558-20-20, 
PlacedObjects: DayNightSettings><628.8004><498.5134><5~8.660254~10~5, BrokenShelterWaterLevel><473.9116><445.8823><, DeadVultureGrub><486.3177><457.3324><0~0~7~10, 
FadePalette: 20, 0.0326087
